# grid_order -C -Z -c 2,12 -g 10,60
# Region 0: 0,0 (0..599)
0,10,20,30,40,50,60,70,80,90,100,110,1,11,21,31,41,51,61,71,81,91,101,111
120,130,140,150,160,170,180,190,200,210,220,230,121,131,141,151,161,171,181,191,201,211,221,231
240,250,260,270,280,290,300,310,320,330,340,350,241,251,261,271,281,291,301,311,321,331,341,351
360,370,380,390,400,410,420,430,440,450,460,470,361,371,381,391,401,411,421,431,441,451,461,471
480,490,500,510,520,530,540,550,560,570,580,590,481,491,501,511,521,531,541,551,561,571,581,591
2,12,22,32,42,52,62,72,82,92,102,112,3,13,23,33,43,53,63,73,83,93,103,113
122,132,142,152,162,172,182,192,202,212,222,232,123,133,143,153,163,173,183,193,203,213,223,233
242,252,262,272,282,292,302,312,322,332,342,352,243,253,263,273,283,293,303,313,323,333,343,353
362,372,382,392,402,412,422,432,442,452,462,472,363,373,383,393,403,413,423,433,443,453,463,473
482,492,502,512,522,532,542,552,562,572,582,592,483,493,503,513,523,533,543,553,563,573,583,593
4,14,24,34,44,54,64,74,84,94,104,114,5,15,25,35,45,55,65,75,85,95,105,115
124,134,144,154,164,174,184,194,204,214,224,234,125,135,145,155,165,175,185,195,205,215,225,235
244,254,264,274,284,294,304,314,324,334,344,354,245,255,265,275,285,295,305,315,325,335,345,355
364,374,384,394,404,414,424,434,444,454,464,474,365,375,385,395,405,415,425,435,445,455,465,475
484,494,504,514,524,534,544,554,564,574,584,594,485,495,505,515,525,535,545,555,565,575,585,595
6,16,26,36,46,56,66,76,86,96,106,116,7,17,27,37,47,57,67,77,87,97,107,117
126,136,146,156,166,176,186,196,206,216,226,236,127,137,147,157,167,177,187,197,207,217,227,237
246,256,266,276,286,296,306,316,326,336,346,356,247,257,267,277,287,297,307,317,327,337,347,357
366,376,386,396,406,416,426,436,446,456,466,476,367,377,387,397,407,417,427,437,447,457,467,477
486,496,506,516,526,536,546,556,566,576,586,596,487,497,507,517,527,537,547,557,567,577,587,597
8,18,28,38,48,58,68,78,88,98,108,118,9,19,29,39,49,59,69,79,89,99,109,119
128,138,148,158,168,178,188,198,208,218,228,238,129,139,149,159,169,179,189,199,209,219,229,239
248,258,268,278,288,298,308,318,328,338,348,358,249,259,269,279,289,299,309,319,329,339,349,359
368,378,388,398,408,418,428,438,448,458,468,478,369,379,389,399,409,419,429,439,449,459,469,479
488,498,508,518,528,538,548,558,568,578,588,598,489,499,509,519,529,539,549,559,569,579,589,599
